Hand 1 landmarks:
  0: (0.58, 0.75, 0.00)
  1: (0.58, 0.67, -0.01)
  2: (0.60, 0.62, -0.03)
  3: (0.62, 0.61, -0.04)
  4: (0.65, 0.62, -0.06)
  5: (0.58, 0.63, -0.05)
  6: (0.61, 0.61, -0.07)
  7: (0.64, 0.60, -0.08)
  8: (0.65, 0.60, -0.09)
  9: (0.59, 0.68, -0.05)
  10: (0.63, 0.66, -0.07)
  11: (0.65, 0.65, -0.07)
  12: (0.66, 0.64, -0.07)
  13: (0.60, 0.73, -0.06)
  14: (0.65, 0.72, -0.07)
  15: (0.66, 0.70, -0.06)
  16: (0.67, 0.69, -0.06)
  17: (0.62, 0.77, -0.06)
  18: (0.65, 0.77, -0.07)
  19: (0.67, 0.75, -0.06)
  20: (0.67, 0.74, -0.06)
